1011111111 1110111111111111 1111111 277

1111111111 1 11111 1 1111111111 1111 Aa? 1 1111111 mm 1 1111121111 1111
1111111111 111111111111111111111 111111111111111111111111111
11111111111111111111 11111111 11111111 1 111111111111111111111
1111111 1 1111111 = 1111» 1 1111111111 1111111111 11111111 1
1111111 1111111111 1111111111111 111111111111111111111111111
1111111111111111111111111111111 1111111111 1111111 1 11111111111111111
1111111 1 111111 1 1111111111 1 1111111111 11111111 11111111 1 111111 1 11111111
1111 1 11111111 11111111 1111111 1 111 1111111111· 11 1111111111111111111
111111111ῑ1111111111111111 M ’1111111111 111111 1111111111
m· 1 11111111 1 1111111· 1 1111111111 1 ss (1111111111 1111111111111111111 11
111111111111111111111111111 111111111111111111111111111111
1111111111 11611111111111111 11111111 1111111111111111111111
111111111111111 1 1111111111111111111111111111111
1111111113 1 11111. 1 11111111111 111111111111111111111111111111
11111111111111111111111111111 11111111 11
111111 1 111111 1 111111 1111111111 1 1111111111111111111111111111111111
11111111111111 1111111111111111111111111111
1111111. 1111111111 1111111111 111111111111111111116 11 1111111111,
1111111111 1111111111 = 11111111 11111111111111111111 1 11111
1111111111 1 1111111111 111111. 1 1111111 1111111 1111111 15111 1 1111111111
11111111 1111111111· 11111 11111111 1111 1111111111- 1 111111. 1 11111111 1

· §m- == 11111111111111111111111 11111 Ml· = 1111111111 1

111 1 11111111 1 111111 11111111 ,11111111 11111111 1 111 1 11111. 1 1111111 1 111111
1111111111 1 11βῖ 1111111 1 1111Ε1 1111111 11111. 1 11111.1111111,1Σ11ι1“111
11111 1 1111111111 11111111ωὼ111 1 1111111 1111111111ῑώ1 11111111· 1111111111
(1111111111 11 wm- = 1111111311· 1 111111 11111111 1111111111 1111111 11
111111111111 11111111 1 11111111 111,111111111111111111111111111
11111111.11111111111111111111.11 1111111111 1111111 1 mnan 1 111111
11111 111111111111111111111111111·1111
11111111 1111111111 = 111111 1111 1.,11111111111111111111111111111
1111111 1 1111111111 1111111 11 mh 11111”1111 1 1111111111· 1 man-‘fl 11111·
*mm 1 11111111 1 1111111111· 1 1111111 1111111 111111111111111111·1 ’1,111
111111111111111 1 1111111111· 1 1111611 1 11111 11111111 1 11111 1 111111 1 111111
1111111 1111 1 Mer 1 11111 1 111111 1 11111111111111111 1111111 1 1111111111
1111111 1 1111111111 1 1111111111 1 11111 11111111 1 111111 1 1111111311111111111
111 1 11111111 1 (1111111111 1 111111 11 111111 1111111111 1111 1 1111111191
ω111111111.1·111111111111111·11111ι11111 111 11.1111.11111111111·11 111
1116111111 1111ε11111ι111111111,1111“11111ε11
11111111111111111111111 ,111111111111111111111111111111
1111111111111111111111 111111 1111Ι 1 1111111111 1 11111 1 11111111
’131 11 1111111111 111111 1111111111 111111111111111111111111111111
1111 1111111111* 1 11111111 1 1111111 1 111111111111111 111111111111111
1111111111· 11111 1 1111111111 1 111 1111. 1 11111· 1 11111.1ι11,11.11111”11·111
11111111111111 ω1111111111111111111111111111111111 ¹
11111.1 111111ε 1 1111111111 1 11111 1111111111 1 1111111111 1111111· 1
1111111 11111111 11111111 1111111111 1111111111· 1 11111 1 11111111 1 1111 1

 

