rescindite snit cedeonem

Obispes, 03311333 3 33131333133, 3 1333-
33331133 gastos 1131 33113 3 113 1133133
33131313313, 33 133 1331133 331 133333
33313331, conforme 1 13 333313 333331333,
333 se 33113 31 33331 presente 333333-
3313, 3 313333 313333 331333313333 31 3333-
33333113333133 31331333 meneseebades
en gran 33313 333 133 1133133333 3333333,
3333313 333313313333, 33133 13 333,1
111313 3333333, 3 33333331333 333 3133-
313333 33133 3333311333 3333113 33 133
13133133 333113 13 333133 1131131333, 33331-
3131133 33 3313 133113 31 33313133 33 333
333333333 rente independiente.

131. d. Les 31333333 33331313 33331-
313333 133 primicias y 133 3133133133-
tes 313333 33 331313, 33333 3331133133
33313 3133313333 333 133 0331333133 3311-
31333333333313, 33313 333 3331333 3133-
3133333313113313 333 3333333 segniae
independiente, poniendose 3333 3113 33
3333333 333 133 0313333.

111. 7. En 31313 33 133 3333113333 313-
3331313333, 31 Sumo Pontidee 3333333
31 presidente de 13 1331131133 Β311313333
1333 333333333 33 3313 33333, 31 33133-
3313 d 333313313113313 33 313333133 3333
333133331333 33333133 33 131331331333·
3133313311 Obispetes, 1 3313311311333 313333
313311333, 33331133333 33 13333 133 333-
1133333 3333331333 333 133 33333333 31-
113333; 33183313 Pontidee en 333133-
311333 1 13333133 3333331133 333 13 1313-
313, 3331 1133 33333111333313 111311133133
3111311133 33 133 1331333 33331313333333.
Pero no 333313 133 33333313333 11113333-
1111 33 313333 13333 33 3133313133 3 33-
11113131333133 33133 13133133, 3333133 333-
133 333133133 3133 33313113333, 13133 33
3331313133 113133 33 1113111331311 33333133,
cerne 3311 presente 333 133 33333333 31-
331133. Ei presidente de 13 3331131133 333-
cederi dentre del 13331133 33 3333 133-
333, 33313333 33333 31 313 33 13 3333313,
1 113333 33133 presentneienes.

131. 8. Per 13 3113313 33333, 83 83311-
333 3333333 31 presidente de 13 3331131133
311333113 33 33313333 33 3333 33311313
333333133333311333, 33 33311 3133133333
3 3331333133, 31333133333 13 33113333 di·
331333, 3333331 333333333 11311333 33-
1331333313 831113 8333, 3 13 33313331,
3331133313313331133131331, 133 333133 se-
313 3331331333 333133 0313333, 311 333-
33133333333131311, 1 133 33333333 333
133333 333313333333 1313 dignas. 83313

set
prebendas, 333 33131333 3333333 33 133
33 31333133333, 133 333133 33333313 33-
13133 3333 siempre 13311313 331313331311.
Le provisien de 133 3331311133, 3331331333
333 13333 33 31333 3 ninere, 333333333-
33333 333133131133 0313333. 11313 113
131313331333 33 333333 133333 31333
3133311333 33 opesieien 331331331333311·
13313333, 33333333 13313133 3331331333
311 33333333 333133 0313333133 333133
331331331333 3113 333 33 333313 33313333.

131. 0. ’13333133 3333333133 se provee·
1111 31133333333 3313313, 333113 13 313-
pueste per 31 83313031131113 de Trente,
33313333 133 3331333133 ternarias 133333
33 133 3311333333133 ¹aprebndes 3 3111313-
13331 presidente de 13 3331131133, 33133
3313131311 une entre 133 3333333133, 333-
1331113 1 13 3311133 333333333 33313 33333.

131. 10. La Senta 8333 33 ejereieie de
su 3133313 33333113, 3313331 1133333 313-
33313, 3 3331333333 eirennseripeiones de
133 existentes, 33333 13 333313333 13 ne-
33313333 13 31111333 33 133 33133. Sin
31333133, 1133333 31 3333, precedere de
131311333313333 el 333133113 Β31131333;
33 3333 333 33 33133 3133331 se 3313313·
3331 33 3331133 33 3311331333 3 33 3313-
313 3313133313 3333333133333 31 31313333
331 31333 3133333113, 31 133 33333133333
33133 333333 31333313; 3 3333 13 3313·
313313313 33 133 811133, 333 113333 33
31131333 33133 33311333, 3311133333 133
semipedes, se 313333331 33333 133 33333
331331331333 3333133 31333 33 existentes,
3331333333 13 831113 8333 33 3333333 333
3133313333, 3333 333 313333 3313313333
3333 333333333 3 13333333133133.

131. 11. 83 33131313 1333333313 333
133 3333333333 3331313133 333333 33333-
33133, 33333 13 33331333313 1133331333
3 13 31111333 33 133 113133,3333331333333
1333333313 33 131311333313, 31331333 333
13333 1133331313 333311131133 3131133 ei·
31133.

111. ii. Se 33333333313 133 33133133
seminantes existentes, 3 33 33331133 313-
33313, 33333 131133, 33 33131313 111313313-
tanente, 3311333133 33133 33 33 31333
333133. 833111 333131333 3 33333333 en
31133, 3331331113 1 13 333333113 333 3183-
333 03331113 33133313, 3333113313331133,
13313333 133 0313333 33333133 33333-
313313 33131113, 33333 13 333331333 3 311-
11133 33 333 31333313. Gorrespende por
333313313313 31 313333 11333 3333333 1

33 331113333113313 331 3333133313 1333313 1 13 3313313311 33 133 Ι33313333 diocesanos

 

